Intake, Lothian Rd Rbt 
0440
0510
0540
0610
0630
0644
0659
0714
0729
0744
Intake, Shaftesbury Ave/Leicester Ave 
0443
0513
0543
0613
0633
0647
0702
0718
0733
0748
Doncaster Intc [A7] arr
0455
0525
0555
0625
0645
0659
0717
0733
0748
0803
Doncaster Intc [A7] dep
0457
0527
0557
0627
0647
0701
0720
0736
0751
0806
Bentley, High St 
0504
0534
0604
0634
0654
0708
0729
0745
0800
0815
Bentley, Victora Rd 
0508
0538
0608
0638
0658
0712
0733
0749
0804
0819
Intake, Lothian Rd Rbt 
0759
0814
0829
0844
0859
0914
0929
0944
0959
1014
Intake, Shaftesbury Ave/Leicester Ave 
0803
0818
0833
0848
0903
0918
0933
0948
1003
1018
Doncaster Intc [A7] arr
0818
0833
0848
0903
0918
0933
0948
1003
1018
1033
Doncaster Intc [A7] dep
0821
0836
0851
0906
0921
0936
0951
1006
1021
1036
Bentley, High St 
0830
0845
0900
0915
0930
0945
1000
1015
1030
1045
Bentley, Victora Rd 
0834
0849
0904
0919
0934
0949
1004
1019
1034
1049
Intake, Lothian Rd Rbt 
1029
1044
1059
1114
1129
1144
1159
1214
1229
1244
Intake, Shaftesbury Ave/Leicester Ave 
1033
1048
1103
1118
1133
1148
1203
1218
1233
1248
Doncaster Intc [A7] arr
1048
1103
1118
1133
1148
1203
1218
1233
1248
1303
Doncaster Intc [A7] dep
1051
1106
1121
1136
1151
1206
1221
1236
1251
1306
Bentley, High St 
1100
1115
1130
1145
1200
1215
1230
1245
1300
1315
Bentley, Victora Rd 
1104
1119
1134
1149
1204
1219
1234
1249
1304
1319
Intake, Lothian Rd Rbt 
1259
1314
1329
1344
1359
1405
1414
1429
1444
1459
Intake, Shaftesbury Ave/Leicester Ave 
1303
1318
1333
1348
1403
1409
1418
1433
1448
1503
Doncaster Intc [A7] arr
1318
1333
1348
1403
1418
1424
1433
1448
1503
1518
Doncaster Intc [A7] dep
1321
1336
1351
1406
1421
1427
1436
1451
1506
1521
Bentley, High St 
1330
1345
1400
1415
1430
1436
1445
1500
1515
1530
Bentley, Victora Rd 
1334
1349
1404
1419
1434
1440
1449
1504
1519
1534
NSD     
School Holidays
Intake, Lothian Rd Rbt 
1514
1529
1544
1559
1614
1629
1644
1659
1714
1729
Intake, Shaftesbury Ave/Leicester Ave 
1518
1533
1548
1603
1618
1633
1648
1703
1718
1733
Doncaster Intc [A7] arr
1533
1548
1603
1618
1633
1648
1703
1718
1733
1748
Doncaster Intc [A7] dep
1536
1551
1606
1621
1636
1651
1706
1721
1736
1751
Bentley, High St 
1545
1600
1615
1630
1645
1700
1715
1730
1745
1800
Bentley, Victora Rd 
1549
1604
1619
1634
1649
1704
1719
1734
1749
1804
Intake, Lothian Rd Rbt 
1745
1800
1815
1830
1850
1910
1930
2000
2030
2100
Intake, Shaftesbury Ave/Leicester Ave 
1749
1804
1818
1833
1853
1913
1933
2003
2033
2103
Doncaster Intc [A7] arr
1804
1816
1830
1845
1905
1925
1945
2015
2045
2115
Doncaster Intc [A7] dep
1806
1818
1832
1847
1907
1927
1947
2017
----
2117
Bentley, High St 
1813
1825
1839
1854
1914
1934
1954
2024
----
2124
Bentley, Victora Rd 
1817
1829
1843
1858
1918
1938
1958
2028
----
2128
Intake, Lothian Rd Rbt 
2200
2300
Intake, Shaftesbury Ave/Leicester Ave 
2203
2303
Doncaster Intc [A7] arr
2215
2315
Doncaster Intc [A7] dep
2217
2317
Bentley, High St 
2224
2324
Bentley, Victora Rd 
2228
2328
Bentley, Victora Rd 
0509
0539
0609
0639
0659
0716
0735
0750
0805
0820
Bentley, High St 
0512
0542
0612
0642
0702
0720
0739
0754
0809
0824
Doncaster Intc [A5] arr
0522
0552
0622
0652
0716
0734
0753
0808
0823
0838
Doncaster Intc [A5] dep
0525
0555
0625
0655
0719
0737
0756
0811
0826
0841
Intake, Lothian Rd Rbt 
0538
0608
0638
0708
0734
0752
0811
0826
0841
0856
Bentley, Victora Rd 
0835
0850
0905
0920
0935
0950
1005
1020
1035
1050
Bentley, High St 
0839
0854
0909
0924
0939
0954
1009
1024
1039
1054
Doncaster Intc [A5] arr
0853
0908
0923
0938
0953
1008
1023
1038
1053
1108
Doncaster Intc [A5] dep
0856
0911
0926
0941
0956
1011
1026
1041
1056
1111
Intake, Lothian Rd Rbt 
0911
0926
0941
0956
1011
1026
1041
1056
1111
1126
Bentley, Victora Rd 
1105
1120
1135
1150
1205
1220
1235
1250
1305
1320
Bentley, High St 
1109
1124
1139
1154
1209
1224
1239
1254
1309
1324
Doncaster Intc [A5] arr
1123
1138
1153
1208
1223
1238
1253
1308
1323
1338
Doncaster Intc [A5] dep
1126
1141
1156
1211
1226
1241
1256
1311
1326
1341
Intake, Lothian Rd Rbt 
1141
1156
1211
1226
1241
1256
1311
1326
1341
1356
Bentley, Victora Rd 
1335
1350
1405
1420
1435
1450
1505
1520
1535
1550
Bentley, High St 
1339
1354
1409
1424
1439
1454
1509
1524
1539
1554
Doncaster Intc [A5] arr
1353
1408
1423
1438
1453
1508
1523
1538
1553
1608
Doncaster Intc [A5] dep
1356
1411
1426
1441
1456
1511
1526
1541
1556
1611
Intake, Lothian Rd Rbt 
1411
1426
1441
1456
1511
1526
1541
1556
1611
1626
Bentley, Victora Rd 
1605
1620
1635
1650
1705
1720
1735
1750
1805
1820
Bentley, High St 
1609
1624
1639
1654
1709
1724
1739
1754
1808
1823
Doncaster Intc [A5] arr
1623
1638
1653
1708
1723
1738
1753
1808
1818
1833
Doncaster Intc [A5] dep
1626
1641
1656
1711
1726
1741
1756
1811
1821
1836
Intake, Lothian Rd Rbt 
1641
1656
1711
1726
1741
1756
1811
1824
1834
1849
Bentley, Victora Rd 
1840
1900
1920
1940
2000
2030
2130
2230
2330
Bentley, High St 
1843
1903
1923
1943
2003
2033
2133
2233
2333
Doncaster Intc [A5] arr
1853
1913
1933
1953
2013
2043
2143
2243
2343
Doncaster Intc [A5] dep
1856
1916
1936
1956
2016
2046
2146
2246
2346
Intake, Lothian Rd Rbt 
1909
1929
1949
2009
2029
2059
2159
2259
2359
